layout_spectrum: 0.8819677
typography_spectrum: 0.212909
color:
  saturation: 0.082306
  lightness: 0.7506947
  brandStrength: 0.7519079
  rhythmicContrast: 0.216975
name: Gavin Gough
